443.93,496.54,560.01,664.45
0.017514486393482884,0.025717190967541968,0.034334089393439085,0.02746278162169867
0.0025573459677063876,0.0036766687557652105,0.008287685559467359,0.004284187450571574
0.0029337300800080916,0.0034483148162671425,0.006994932743539442,0.003721040891383802
0.008416292527691284,0.01278209905059434,0.021182016767342188,0.011646115652502634
0.006967077292454274,0.01069764558857121,0.013817365975269698,0.006162514915755674
0.002385510578560122,0.0027773632678969296,0.004897684510707519,0.002780883351011205
0.008896964705472018,0.013859239510825608,0.019725452707732776,0.00912474463138196
0.0027616190233692973,0.003478502682761263,0.006257466766761453,0.001777001581924898
0.005016695268315201,0.008365601417336574,0.011971537179046855,0.004726231661184247
0.0036496196858589796,0.0048746010364703884,0.007836837062608166,0.001994424159655227
0.002385840343297006,0.003594601369241545,0.006638547974691638,0.002045214426045585
0.007626643888480078,0.011672581729014971,0.016659286990452035,0.006914100015681064
0.0026307851849491034,0.0031211169961122263,0.0042605250544320485,0.0014857450466428431
0.008331996122727284,0.012011542844513569,0.01577577284011668,0.006010524731888402
0.00872085392393114,0.01249766375230565,0.023263240117801533,0.00831285307766623
0.0036854281315494442,0.005059580424089273,0.005253829188517187,0.0009347007814297154
0.004255525619300313,0.0061918231654572034,0.007929408673162788,0.002184880099888462
0.00899618727071062,0.013939117449222882,0.019343119146266588,0.008595968289958855
0.005858561409800781,0.007597508484662831,0.009394500088585096,0.005645754454263694
0.004761876233252181,0.006361545279403331,0.008598059425806631,0.006553558058731343
0.004495598485545101,0.006002353547662312,0.007933811709922788,0.005153441936591147
0.005407466525787024,0.0074455608302919935,0.01021537933134468,0.007079591659641076
0.008613910491988779,0.01169457907286623,0.014848060417015757,0.007216075303664918
0.0061921235835339,0.009344626011535738,0.01212002156986219,0.0034506207589296185
0.007966454830259175,0.010975500265351,0.013906269225739596,0.005777054394172196
0.005187656526748072,0.007976700327229521,0.011214554439764879,0.0036383606862066173
0.008674135742313611,0.012275406009468989,0.01607693962420152,0.007527268194172519
0.008322971859918996,0.01155994807804842,0.014699148817317006,0.005811345159647657
0.008361233722789999,0.01175182043931599,0.014578538395345739,0.005038853386245959
0.007370638433711171,0.01060450329958775,0.013436076266575473,0.004311184071071642
0.008315628871394871,0.011796569562817882,0.014189927200738504,0.00405850189952056
0.007072420659989718,0.010091878353798978,0.01198992901843627,0.0032559691366794365
0.005506399718419007,0.007693601637065517,0.009912497793876098,0.004266220896678626
0.004639900881914387,0.007143026379236147,0.010215463438709856,0.005162367027256723
0.005830848987370704,0.009418910100383706,0.013775503083437488,0.0064076183468387
0.006898982014289717,0.009873209779644987,0.012634480113452922,0.004754461975126516
0.005152400587955525,0.006881462100488789,0.008168987497327128,0.0027371635770502304
0.004911706190913458,0.007006696922245834,0.009069479646007126,0.0042977044762968
0.007415759982084392,0.01088975368760236,0.013580917956821925,0.003994305021417481
0.005265103651170912,0.007124153148898271,0.008277066796350728,0.0025519052667294095
0.006204975166140441,0.009717268165516173,0.013949345276031729,0.006870701914230365
0.005798070382584925,0.008305519468971253,0.009596206635114122,0.002726391696305312
0.009704134715109633,0.013075472592192449,0.015100720313396487,0.004717530424741299
0.003650785870692539,0.0040031866433646035,0.0028874444664593033,-0.0005023681870242529
0.00402720409050903,0.003788777533086477,0.0024997693827744686,0.0006348547201276233
0.004464626366960807,0.004524649953133596,0.0032934428436909025,0.0016453058651775437
0.01493860375457881,0.021237377394655057,0.033106887895111785,0.043804855417374666
0.01791028000573509,0.024350360263522608,0.03554690392030698,0.04499219002745741
0.013752297131962304,0.02028791489212246,0.031654270990525445,0.03884988006860535
0.013902074577746703,0.019913317193413153,0.030691737343298546,0.03736500337951122
0.014753446467186886,0.02103008319137971,0.03221999931624363,0.040036232285519356
0.013694641021060935,0.01924695127348223,0.02938200249578909,0.03611348328601931
0.00886271686754088,0.014014752538367065,0.023614560067741878,0.03051664788309087
0.013721271488405589,0.020314160712790397,0.03170109949179553,0.04028324853737964
0.014157963950218384,0.020846142910695364,0.032706997798632474,0.040353922770572224
0.00946680459497721,0.014835007280039137,0.024670912867013495,0.031471886144614276
0.013434376428419626,0.02014061145698182,0.0315874723531274,0.03949244197957894
0.015804067753031115,0.022436747060114306,0.03163810741062714,0.026561093801494007
0.018099724925193416,0.025058790722377194,0.03700994094413815,0.038528116891495476
0.005304391490407328,0.008947558481135702,0.016019268829199303,0.020422909331952482
0.012759014745785977,0.01915784369761991,0.030173532617768034,0.03212401215976551
0.01610579111465576,0.022873167295224435,0.034266628685804906,0.03923191145420636
0.00909552573488721,0.012978203135692522,0.01985543353002297,0.010503710664576211
0.009897590365562847,0.0162649371462437,0.026720384832880795,0.02451011331296158
0.013111591796420281,0.01952155456904132,0.030221662221897042,0.029923506227303935
0.002676474408722474,0.005332170592899836,0.010953321791086705,0.014007825260567305
0.009785560845028698,0.014901920882205119,0.02142977942138838,0.00958703335717434
0.014780455760675045,0.022006044302593404,0.03439844675008502,0.0368024738125488
0.007161377947346235,0.01150044443596206,0.01685155044770564,0.007947036248403021
0.009040702954593435,0.015109685572926098,0.0249156861707573,0.025259894834687418
0.014576259523061557,0.02054537161221487,0.029296076214909227,0.018874937666200586
0.007397562398086394,0.012548827142340348,0.019550167043314175,0.010399597087331904
0.01014894973586442,0.01686116764749877,0.027901318633951896,0.030796431037845327
0.011788741495492732,0.018369471959043076,0.028688741508530805,0.027943578561206002
0.01359108261251437,0.02036771842523219,0.03118711260763531,0.028418888726016396
0.008198502308427471,0.012320899482840465,0.01810877828153873,0.0086655300245817
0.0078164592096415,0.013082490094761303,0.020788219874838375,0.010897933831634706
0.014516189556951015,0.021382911382308224,0.03247645009825392,0.03219895927752719
0.008248235410569064,0.013279729349333963,0.018783188844353083,0.006525024101808751
0.014696345143024833,0.020606523827744996,0.028379388454442284,0.018442040963667066
0.005632722982836617,0.008865547281763182,0.012047779567088308,0.004299336570315877
0.0197429825771964,0.02757979571345773,0.04203790438466433,0.05036908325587534
0.026527829100589494,0.03580825034049687,0.05318674215422287,0.06417847754958891
0.02246770312257996,0.030566788909696316,0.04601386907836081,0.05713318051385669
0.016775913107089025,0.02643620539157115,0.044269299691286935,0.054442417253051344
0.026155603567943157,0.033286037702807914,0.047614638537038824,0.05778807432390765
0.025520092784200293,0.034251116148280754,0.05094890603821797,0.0626960373955724
0.018070288930600115,0.024524554973216064,0.037050064489443806,0.04487989841805933
0.019950397339208635,0.026580243952820215,0.040083508983067465,0.04914014022338656
0.025564284245482856,0.03461021736150349,0.05116515416568337,0.05797316079656677
0.02173938975239232,0.03114841201142745,0.04648224604975117,0.04532378677040043
0.023331556670477913,0.031237122544387305,0.04600970122402952,0.05185359593020861
0.01656101197905897,0.023565668712939587,0.035026549332154475,0.03127671809510567
0.01718284100362326,0.023845837859942584,0.036344851433039504,0.040571693495323594
0.017758339391988898,0.024158220054221077,0.03634036824990508,0.03998301891897096
0.018514512892744143,0.025690114361155637,0.03747717560976316,0.03215768332141385
0.020134566897484933,0.02771138908991725,0.04188628538587763,0.04393935950274513
0.019276553117638363,0.02670581795300384,0.03946736935127377,0.036188174686812485
0.020317249184546752,0.027913782667611603,0.04078020866348596,0.03841746176831867
0.018631003936703763,0.02601594140815087,0.03936794240490305,0.039142249860653816
0.022485059009778006,0.031432050141070735,0.04795070360576689,0.052440299230610186
0.02283419482328396,0.02998101861069701,0.043023606397869806,0.04269197110139243
0.019040114445256225,0.026156903348335845,0.03917235083258115,0.03774915528557093
0.017023889517611378,0.02396498859595395,0.03592694093952022,0.03321633586104648
0.01672057136285272,0.024229337152976305,0.036933840715049585,0.033891397114735926
0.02430804157285348,0.031672422596925494,0.04625899860593309,0.058013270901016684
0.020660029267244112,0.027985776527553987,0.04120276301414413,0.03846415570925727
0.020515291843701763,0.02823628011793367,0.04214711218316194,0.04000175300954327
0.021247421018013277,0.029324707723644525,0.044113210150500626,0.04989835355107865
0.020561023494863547,0.02854369811220049,0.04410758833342151,0.05425063995149742
0.020281731803342223,0.02940517196743486,0.04663871822994731,0.055397612410911776
0.018574057929947374,0.025297551346103526,0.0372993038815741,0.03245328528210865
0.01444554748757279,0.020212286140362204,0.02456888565200526,0.009140931499223454
0.00935245159953841,0.011875771133229419,0.013981283194721163,0.0058522601836851935
0.028117290623328725,0.036992731889603205,0.053445230977761674,0.0638256402472898
0.0064734958485093115,0.009220040859857465,0.011380920474458496,0.0033802264015813112
0.007130464441628987,0.009583914105796395,0.010640435720455603,0.004177306754538432
0.006116538188524222,0.008176797766929245,0.009037863377466147,0.003857578856587577
0.018422375597368323,0.024540366278817276,0.035672494601381576,0.030344036327261688
0.003976286485547013,0.006350507174102448,0.00806856017543454,0.0019270023616315651
0.006746174422256789,0.009264322946337918,0.01083329422941268,0.004511215712500762
0.009418683101724445,0.013867830405477994,0.01715765762815755,0.006216476247758991
0.004640000319485824,0.006935164417711244,0.008774691882804202,0.002430449832717165
0.009646311013102543,0.012761560308065788,0.013649384733310307,0.0063047535797996195
0.008688409872596536,0.01186847361779825,0.01324704983876178,0.005439907793420471
0.004667523617923571,0.005950800158425181,0.006524712166910365,0.002819942765206273
0.0068820915750463915,0.010321648576083541,0.012857558024414765,0.004701832774255154
0.002693083485363914,0.004563791751119995,0.0053852907497472504,0.0009225238164952469
0.007149626873298587,0.008287785250004696,0.005972495136890269,0.0006599745979227431
0.007149626873298587,0.008287785250004696,0.005972495136890269,0.0006599745979227431
0.007218771476030441,0.009481992221091175,0.008943460397505298,0.0011147735600367664
0.007218771476030441,0.009481992221091175,0.008943460397505298,0.0011147735600367664
0.006041916713120945,0.008471060780631775,0.009412292956691916,0.0007913702909236537
0.006041916713120945,0.008471060780631775,0.009412292956691916,0.0007913702909236537
0.006016690368831905,0.006886155911574329,0.004954536240471303,0.0006975456811844415
0.004529971822449697,0.005064601183071996,0.003340448193209867,0.00038889566442588985
0.004529971822449697,0.005064601183071996,0.003340448193209867,0.00038889566442588985
0.006822459226205705,0.007171292676310852,0.004012611313014176,0.0003423833646863725
0.006822459226205705,0.007171292676310852,0.004012611313014176,0.0003423833646863725
0.005836853321252082,0.006650536434501174,0.004799595914478861,0.0006823018181319665
0.00788433243068307,0.008563853565332243,0.00486060208795096,0.0005718798878534271
0.00788433243068307,0.008563853565332243,0.00486060208795096,0.0005718798878534271
0.00668692501380999,0.008875338940837127,0.009839334443343005,0.0008480738598925253
0.00707244286521637,0.007684794295948351,0.005087006668514467,0.00047248859056868566
0.00707244286521637,0.007684794295948351,0.005087006668514467,0.00047248859056868566
0.0018221374252086208,0.0035963499467683638,0.007653224338730554,0.0033905237019383294
0.004600924393778723,0.008619233219786332,0.013209908273792786,0.006215799759833997
0.003764997238286464,0.006283836045777895,0.009430310040677755,0.0031592904110656116
0.0048035666260589195,0.00937361919785788,0.012834187903972253,0.003538411199713983
0.000929955023198534,0.0014619448649845382,0.003004785474255438,0.001378762985284166
0.002490305167716443,0.004552863843360546,0.007338088101315682,0.0025558366412877466
0.002716834905070002,0.004776994889775495,0.007278120607998878,0.002563408768614024
0.0033618203357290485,0.005646174550671383,0.008400817613570423,0.0033846613467229847
0.00015521336585863423,0.0002405723694346472,0.0007699306520452818,0.0005374933552275054
0.00017464129455737882,0.0003621601978009965,0.0015979893032580198,0.0008231544421349188
0.00162970095158445,0.0037780749191392462,0.00764022381905196,0.0024009122432843465
0.0008600029459094165,0.0012211492879005909,0.0021285183739223655,0.0008630763799627425
0.00018966614476018565,0.0003100995881521241,0.001014666344309354,0.0006555283128280065
0.0003145702286202638,0.0005294395534650916,0.0016903923996846298,0.0010482454982094045
0.0005264420797590633,0.0007448314369417407,0.0018440608090930198,0.0009065136460988201
0.0004715612142641531,0.0006829190326788086,0.0013937328053966597,0.0005639427623581377
0.0006335829918479536,0.0009922413025934107,0.00235024287840948,0.00095213347584234
0.0007123836828413587,0.0011997266781867222,0.002831625452640752,0.001061379295670064
0.0017379382600451374,0.0036848044822214783,0.006079949938419516,0.0014167813916589013
0.0035881344010039603,0.006775927746956733,0.010325095581667157,0.005153845225618822
0.0002895758184418884,0.0004526058414008261,0.0013107226976020662,0.0006432869884976013
0.001401106947855901,0.0021820924311461536,0.0032850658611618478,0.0013197151030575002
0.00047691680597599105,0.0006884359940634636,0.0016210177413455084,0.001409581147136294
0.0014474033913478776,0.00223652816046986,0.0034071556470846565,0.0011464265360929464
0.0002637415071189001,0.0003733177213809262,0.0009411291049898033,0.0006006748945402395
0.0016837198559395072,0.003015355349619943,0.004613969109804769,0.0012471925927130998
0.0002110899992363472,0.00023696738538584548,0.0004666454411624687,0.000161689173317525
0.0002583931758768313,0.0005456970655075098,0.0019948732130181607,0.001036202532895862
0.0007718338777865403,0.0011823815476380388,0.0026290683083595315,0.0009918130789212066
0.00087731693809697,0.0012422283763754733,0.002077448670966327,0.0008932448223170479
0.000660183711378724,0.0008148687623812733,0.0012046854213039887,0.0004583849814247546
0.0016430551233952014,0.0030830582149674866,0.004615433223998084,0.0010470122486933092
0.0007201009284069471,0.0010478068003701667,0.0015860938983425436,0.0004503008388492406
0.0003602252633905746,0.0005368114246684521,0.001255886712058519,0.0006148594100247714
0.0005304510985864291,0.0006818716905421356,0.0011576272206892532,0.0003312987296033985
0.0005264791485106993,0.000772911622479054,0.0017064711471049341,0.0007418821345274332
0.0013355487796142165,0.0021693489218393047,0.003290890445152516,0.0007059720992889631
0.0013372237938040746,0.0019879291909394134,0.0029291637228748587,0.0009170767490701649
0.0006074777951561074,0.000718210500692382,0.0011168178044006574,0.0003372499623486057
0.0014906900069944062,0.0024997180501779457,0.004139798428217092,0.001439542972319703
0.0015618713239826055,0.002772588273503264,0.00422660459197606,0.001068577765601253
0.0009119962318663148,0.0010423867511037833,0.0014259684673178204,0.0004168372761931073
0.0016648307531463564,0.0024254390095165904,0.0033393634838525255,0.0012407476235910262
0.0022786186143712132,0.0034649273496374566,0.00474849053321549,0.001950026477727772
0.000995770015321263,0.001965200612486606,0.0033297515507543724,0.0007435006337915757
0.0011027813948387482,0.001754231015290317,0.0022733312146537856,0.00040686220612505
0.0005923095701149452,0.0009918885184688842,0.002273639767618304,0.0007053100843788827
0.0024302136495321157,0.0035469472478980276,0.00476935049655502,0.0013938399453635156
0.0022512650509232098,0.0031022137093061086,0.0038148062740979744,0.0016003052679718108
0.000828059079813735,0.0010624763730353003,0.0017013592368549707,0.0006027612347895087
0.0018204365146653465,0.003254207804591077,0.004810028524340004,0.001063145749613024
0.006524255344120036,0.009569169662569295,0.012013015660805287,0.002983851080284021
0.0015089096615913235,0.002184646777043564,0.0029914147899372193,0.0010340920372473065
0.0005687206060381449,0.0010241417353473677,0.0014797528364357444,0.00027838561210624213
0.000706843556556366,0.0008163221484444284,0.001103620589931233,0.0006950366760771379
0.000656835888597087,0.0008872827965929572,0.001538147046204135,0.0007823011168220862
0.0018468053877943827,0.0033650216748083894,0.004240439850806797,0.0009223936583583753
0.0022194985429874374,0.00319037354711629,0.0036725740865204476,0.0011111199216320695
0.004289953745590356,0.006433715634996863,0.005906445144424154,0.0012476332052594622
0.0008567321574385298,0.0013639298658452532,0.0020194448342153127,0.000629260286951914
0.0010089553712404474,0.0012715758009854436,0.0016591124431852185,0.00031468921050205307
0.0007488334112775083,0.0009211992861821655,0.0011748590957647617,0.0006044496752394415
0.0008602503185192834,0.0011085111649584375,0.001538645662181699,0.00037169806648787684
0.0031481915469801325,0.004209063973574319,0.0031806936688157385,0.0006126921225371815
0.0008563434817713141,0.0010769667637804438,0.0012477299098610434,0.0004571789272331512
0.0009377927001811882,0.0011683545598327298,0.001343699604170151,0.00038730721069273673
0.0012128507192205541,0.0015928600962015376,0.0016545974235474378,0.000355442136639147
0.001203867514883753,0.0016311602510265086,0.0017470326566138051,0.0006065137560188999
0.006681438172673538,0.010386814183025705,0.011392482118862917,0.0026989832164370027
0.001092859747732143,0.0015089689973065174,0.0018081013290008998,0.00047552048762150367
0.01040858905343078,0.015793885941010204,0.01659967941626212,0.004012933599366316
0.0007774784012844023,0.0009325559007026269,0.0013989973074363567,0.0004359683973483256
0.0015885994383579513,0.0023325952329456266,0.0026507350553605547,0.0007864500057955297
0.0015173263845056119,0.00185934274857084,0.0022699861152465045,0.0008143923045796401
0.007056618973060557,0.009856236475813619,0.009729516017056466,0.002369832445975627
0.006375852546227768,0.01010179569630045,0.010220670180879056,0.002305589364788049
0.00376922242403574,0.006061996717262101,0.005605883493076459,0.0008112339584026295
0.0071891161403104965,0.011160624736699383,0.013433279689965888,0.00490747587866984
0.0011488490781998149,0.0017762428291599145,0.0020680554602618383,0.0004178500237120764
0.004737263834182308,0.006604851998427692,0.005486775889034261,0.0015641379093641764
0.0024792856504027025,0.003946981562303369,0.004505428171281256,0.0010863669734318307
0.002322731705643074,0.0031028768951881485,0.002392954822860572,0.0005720676993679015
0.0030789698481764253,0.004103354631266585,0.003864787305651886,0.0009739760810941302
0.0037519719141871424,0.005498377331924464,0.004978737155074686,0.0010881654152002577
0.005208353049783437,0.008352436880995705,0.016419587067446905,0.009582521643685666
0.005208353049783437,0.008352436880995705,0.016419587067446905,0.009582521643685666
0.005208353049783437,0.008352436880995705,0.016419587067446905,0.009582521643685666
0.005208353049783437,0.008352436880995705,0.016419587067446905,0.009582521643685666
0.0045490384654283825,0.006837333226708962,0.009832393864474983,0.0065822400907035875
0.0045490384654283825,0.006837333226708962,0.009832393864474983,0.0065822400907035875
0.0045490384654283825,0.006837333226708962,0.009832393864474983,0.0065822400907035875
0.0045490384654283825,0.006837333226708962,0.009832393864474983,0.0065822400907035875
0.0045490384654283825,0.006837333226708962,0.009832393864474983,0.0065822400907035875
0.0045490384654283825,0.006837333226708962,0.009832393864474983,0.0065822400907035875
0.0045490384654283825,0.006837333226708962,0.009832393864474983,0.0065822400907035875
0.0045490384654283825,0.006837333226708962,0.009832393864474983,0.0065822400907035875
0.0045490384654283825,0.006837333226708962,0.009832393864474983,0.0065822400907035875
0.004131067838038151,0.00713889951390819,0.012238013856157106,0.004047085708737361
0.004131067838038151,0.00713889951390819,0.012238013856157106,0.004047085708737361
0.0026666367110301844,0.004818925364884432,0.008833033208177807,0.0042471682456959
0.0026666367110301844,0.004818925364884432,0.008833033208177807,0.0042471682456959
0.004869078682970883,0.008132325316044057,0.013782275727941903,0.006826861145686141
0.004869078682970883,0.008132325316044057,0.013782275727941903,0.006826861145686141
0.00493982209723009,0.0079763858757769,0.011591820761269724,0.00531184200072175
0.00493982209723009,0.0079763858757769,0.011591820761269724,0.00531184200072175
0.0026666367110301844,0.004818925364884432,0.008833033208177807,0.0042471682456959
0.0026666367110301844,0.004818925364884432,0.008833033208177807,0.0042471682456959
0.006538414829706728,0.010629887827390182,0.01616000618587371,0.0066476556053740666
0.006538414829706728,0.010629887827390182,0.01616000618587371,0.0066476556053740666
0.002310030408538688,0.0037420488575670126,0.006571418876694045,0.0025796639363163806
0.002310030408538688,0.0037420488575670126,0.006571418876694045,0.0025796639363163806
0.006538414829706728,0.010629887827390182,0.01616000618587371,0.0066476556053740666
0.006538414829706728,0.010629887827390182,0.01616000618587371,0.0066476556053740666
0.0033084923626989548,0.005682675338639214,0.01037131533004206,0.0032162672352634486
0.0033084923626989548,0.005682675338639214,0.01037131533004206,0.0032162672352634486
0.0033084923626989548,0.005682675338639214,0.01037131533004206,0.0032162672352634486
0.0033084923626989548,0.005682675338639214,0.01037131533004206,0.0032162672352634486
0.006808431805055815,0.010436090469434344,0.015008494510921129,0.008155071550200729
0.006808431805055815,0.010436090469434344,0.015008494510921129,0.008155071550200729
0.006254922934694671,0.009678210291877319,0.015297797388947806,0.007317565191947233
0.006254922934694671,0.009678210291877319,0.015297797388947806,0.007317565191947233
0.002310030408538688,0.0037420488575670126,0.006571418876694045,0.0025796639363163806
0.002310030408538688,0.0037420488575670126,0.006571418876694045,0.0025796639363163806
0.0017887882514154656,0.0032150891499981072,0.005611399933081683,0.001577123624823098
0.0017887882514154656,0.0032150891499981072,0.005611399933081683,0.001577123624823098
0.004131067838038151,0.00713889951390819,0.012238013856157106,0.004047085708737361
0.004131067838038151,0.00713889951390819,0.012238013856157106,0.004047085708737361
0.0035176219915118894,0.006362106993175265,0.012334103227295792,0.00891970426775911
0.0035176219915118894,0.006362106993175265,0.012334103227295792,0.00891970426775911
0.0035176219915118894,0.006362106993175265,0.012334103227295792,0.00891970426775911
0.0035176219915118894,0.006362106993175265,0.012334103227295792,0.00891970426775911
0.0035176219915118894,0.006362106993175265,0.012334103227295792,0.00891970426775911
0.0035176219915118894,0.006362106993175265,0.012334103227295792,0.00891970426775911
0.004869078682970883,0.008132325316044057,0.013782275727941903,0.006826861145686141
0.004869078682970883,0.008132325316044057,0.013782275727941903,0.006826861145686141
0.006808431805055815,0.010436090469434344,0.015008494510921129,0.008155071550200729
0.006808431805055815,0.010436090469434344,0.015008494510921129,0.008155071550200729
0.0035176219915118894,0.006362106993175265,0.012334103227295792,0.00891970426775911
0.0035176219915118894,0.006362106993175265,0.012334103227295792,0.00891970426775911
0.0035176219915118894,0.006362106993175265,0.012334103227295792,0.00891970426775911
0.01568395235220727,0.021365506943914266,0.03179560855595053,0.017661430308242583
0.01568395235220727,0.021365506943914266,0.03179560855595053,0.017661430308242583
0.0017887882514154656,0.0032150891499981072,0.005611399933081683,0.001577123624823098
0.0017887882514154656,0.0032150891499981072,0.005611399933081683,0.001577123624823098
0.00493982209723009,0.0079763858757769,0.011591820761269724,0.00531184200072175
0.00493982209723009,0.0079763858757769,0.011591820761269724,0.00531184200072175
0.01568395235220727,0.021365506943914266,0.03179560855595053,0.017661430308242583
0.01568395235220727,0.021365506943914266,0.03179560855595053,0.017661430308242583
0.005151745390409683,0.008007564397648742,0.010772614605555402,0.0030484667554894007
0.005151745390409683,0.008007564397648742,0.010772614605555402,0.0030484667554894007
0.005151745390409683,0.008007564397648742,0.010772614605555402,0.0030484667554894007
0.005151745390409683,0.008007564397648742,0.010772614605555402,0.0030484667554894007
0.006254922934694671,0.009678210291877319,0.015297797388947806,0.007317565191947233
0.006254922934694671,0.009678210291877319,0.015297797388947806,0.007317565191947233
0.005962835635145274,0.009107253951649361,0.011098254311592198,0.002729709568811858
0.005962835635145274,0.009107253951649361,0.011098254311592198,0.002729709568811858
0.005651690897847785,0.008742236492402772,0.010537773321626911,0.0025422944919269814
0.005651690897847785,0.008742236492402772,0.010537773321626911,0.0025422944919269814
0.0048627105423594144,0.007566170037363076,0.009453756137520614,0.0022110349688689267
0.0048627105423594144,0.007566170037363076,0.009453756137520614,0.0022110349688689267
0.0060378099696523566,0.0095677595643894,0.012206752643581691,0.003266541738442119
0.0060378099696523566,0.0095677595643894,0.012206752643581691,0.003266541738442119
0.00451451292895266,0.006014705136782006,0.00654960855990591,0.0009473125451302563
0.00451451292895266,0.006014705136782006,0.00654960855990591,0.0009473125451302563
0.005328633784673737,0.008060228054555696,0.009843487284944573,0.0026810576552178137
0.005328633784673737,0.008060228054555696,0.009843487284944573,0.0026810576552178137
0.0048627105423594144,0.007566170037363076,0.009453756137520614,0.0022110349688689267
0.0048627105423594144,0.007566170037363076,0.009453756137520614,0.0022110349688689267
0.005651690897847785,0.008742236492402772,0.010537773321626911,0.0025422944919269814
0.005651690897847785,0.008742236492402772,0.010537773321626911,0.0025422944919269814
0.009657902704428815,0.013487042162815138,0.01705331548005579,0.004934857826806389
0.009657902704428815,0.013487042162815138,0.01705331548005579,0.004934857826806389
0.004696489053694234,0.007316377758257561,0.009190400162625552,0.00242733819830153
0.004696489053694234,0.007316377758257561,0.009190400162625552,0.00242733819830153
0.00451451292895266,0.006014705136782006,0.00654960855990591,0.0009473125451302563
0.00451451292895266,0.006014705136782006,0.00654960855990591,0.0009473125451302563
0.0060378099696523566,0.0095677595643894,0.012206752643581691,0.003266541738442119
0.0060378099696523566,0.0095677595643894,0.012206752643581691,0.003266541738442119
0.004469237673465292,0.006063802654222686,0.0052223307136929215,0.0005371622011211364
0.004469237673465292,0.006063802654222686,0.0052223307136929215,0.0005371622011211364
0.004696489053694234,0.007316377758257561,0.009190400162625552,0.00242733819830153
0.004696489053694234,0.007316377758257561,0.009190400162625552,0.00242733819830153
0.0052212290280002375,0.007810428833419946,0.009181146660860682,0.001995368048082999
0.0052212290280002375,0.007810428833419946,0.009181146660860682,0.001995368048082999
0.005962835635145274,0.009107253951649361,0.011098254311592198,0.002729709568811858
0.005962835635145274,0.009107253951649361,0.011098254311592198,0.002729709568811858
0.009657902704428815,0.013487042162815138,0.01705331548005579,0.004934857826806389
0.009657902704428815,0.013487042162815138,0.01705331548005579,0.004934857826806389
0.0052212290280002375,0.007810428833419946,0.009181146660860682,0.001995368048082999
0.0052212290280002375,0.007810428833419946,0.009181146660860682,0.001995368048082999
0.005328633784673737,0.008060228054555696,0.009843487284944573,0.0026810576552178137
0.005328633784673737,0.008060228054555696,0.009843487284944573,0.0026810576552178137
0.006767052665731023,0.010008856360539043,0.01091469118096868,0.002027623846511147
0.006767052665731023,0.010008856360539043,0.01091469118096868,0.002027623846511147
0.006767052665731023,0.010008856360539043,0.01091469118096868,0.002027623846511147
0.004715207782770259,0.007000352460471821,0.008050224810230303,0.001812764168963537
0.004715207782770259,0.007000352460471821,0.008050224810230303,0.001812764168963537
0.006767052665731023,0.010008856360539043,0.01091469118096868,0.002027623846511147
0.006767052665731023,0.010008856360539043,0.01091469118096868,0.002027623846511147
0.006767052665731023,0.010008856360539043,0.01091469118096868,0.002027623846511147
0.006767052665731023,0.010008856360539043,0.01091469118096868,0.002027623846511147
0.006767052665731023,0.010008856360539043,0.01091469118096868,0.002027623846511147
0.006767052665731023,0.010008856360539043,0.01091469118096868,0.002027623846511147
0.004715207782770259,0.007000352460471821,0.008050224810230303,0.001812764168963537
0.004715207782770259,0.007000352460471821,0.008050224810230303,0.001812764168963537
0.005886391356623607,0.008420128571780315,0.00956461760671667,0.002068490206869978
0.005886391356623607,0.008420128571780315,0.00956461760671667,0.002068490206869978
0.004469237673465292,0.006063802654222686,0.0052223307136929215,0.0005371622011211364
0.004469237673465292,0.006063802654222686,0.0052223307136929215,0.0005371622011211364
0.0037428398225163883,0.006911266061530186,0.015301767824649147,0.02332141788250673
0.0027004051163137944,0.004982830222308098,0.011301495856889185,0.018743695981495858
0.002902682092609442,0.005358563812506224,0.011887705817191252,0.01833600425898452
0.004059998856671687,0.007285716723458696,0.01555073009922952,0.022276292856703173
0.0030107391070340675,0.005696072544052305,0.012952828018710378,0.019183098419261843
0.005350148634221155,0.008811631900133553,0.017466115352264798,0.013970907080819573
0.005926731174314582,0.01012577762373738,0.019895010206379734,0.023989380027925274
0.00607800072877922,0.010425623570212742,0.02066871087672977,0.026294401934732557
0.005917013997125257,0.009745434075711882,0.018779608575649715,0.023778844258758272
0.005298789222499065,0.008919495893218657,0.01739206442684741,0.020101143296916625
0.004128746927827995,0.007494686472138067,0.016157121031554707,0.022570303659696322
0.006691204304267582,0.011129807526508394,0.021457162146124552,0.02690467892011989
0.006122891008551921,0.01022715838814095,0.019836057538382895,0.023323413597037067
0.007927301668911509,0.012674889353415923,0.022586781744540443,0.02055735947892366
0.00464657560405666,0.008205815422768893,0.01724784786013045,0.02235129079960049
0.006681375797792983,0.010894186897476918,0.019034920966441875,0.012811653855990836
0.008408988312301866,0.012958113462066736,0.022225278904675155,0.022314064103985884
0.005980125060095284,0.009545293194164266,0.017843227129968362,0.012836678948015424
0.0033444237759027782,0.005577927052060124,0.009673831823567847,0.003397316187456379
0.006942376880002755,0.01126634931353079,0.019838179608435563,0.0161945409227672
0.00821984527107219,0.012841611842541213,0.023018076161578385,0.023405297280158697
0.007498875218201575,0.011903000724147742,0.0218664611955953,0.02323248646630547
0.004981029259257668,0.009167918410638548,0.020136771714808346,0.023507347640624256
0.0060561606164084006,0.010010657819974414,0.017324232331495586,0.009170030271471424
0.0033660460934594127,0.005572190782261966,0.009685000458066044,0.003387739122073068
0.003286399736326707,0.0054215930981420125,0.008577670678390652,0.002433684305941001
0.001639081113643493,0.003682590404623106,0.008812953208040479,0.014262444429244719
0.0028172680907267767,0.005483587882025991,0.01163478179162191,0.017172705420070676
0.007543892818208418,0.012181660943527422,0.020728994513471738,0.02153503371977807
0.003053096748462143,0.00547767084896223,0.012844901295013651,0.006114054033759288
0.003053096748462143,0.00547767084896223,0.012844901295013651,0.006114054033759288
0.006056616162143021,0.009655078206620694,0.017555202874458675,0.011862802172585884
0.007144607536797466,0.012302197048326172,0.021404975365846544,0.020137872927091866
0.004476872330162522,0.0074131229435393875,0.014518346106174555,0.00918970811600914
0.0069941376943923545,0.012253968460777663,0.02209200811896134,0.020963036984634024
0.0033539051463398607,0.005804014112014642,0.013031405830341297,0.005141549482427278
0.0033539051463398607,0.005804014112014642,0.013031405830341297,0.005141549482427278
0.006110597963608546,0.010004408706746445,0.017881695027604002,0.01588242964793803
0.006434333607188901,0.010391346114755529,0.018480790282572053,0.012087805260493766
0.006434333607188901,0.010391346114755529,0.018480790282572053,0.012087805260493766
0.0025860687315826317,0.003969107296248445,0.005697105056115332,0.0019144752846568189
0.008377359137251083,0.011774453354893468,0.015151924291531563,0.005310416781021158
0.0078402456855276,0.0116904957685742,0.019300187219138114,0.015091384917511746
0.004755803960796459,0.00732688935401701,0.009786071607622071,0.0020888463242327766
0.00301918844422222,0.004397532746724141,0.0051034028610123785,0.001552746785835522
0.00301918844422222,0.004397532746724141,0.0051034028610123785,0.001552746785835522
0.0029406465648464494,0.00494628153845007,0.009515378491295842,0.0037745557396006196
0.0029406465648464494,0.00494628153845007,0.009515378491295842,0.0037745557396006196
0.008295739352389498,0.012773382182293827,0.020382516612083016,0.013073260654096546
0.0026003691377105087,0.0037330696830317357,0.004593025102930434,0.00134207609219408
0.0026003691377105087,0.0037330696830317357,0.004593025102930434,0.00134207609219408
0.004222499448640622,0.00622569953954703,0.00915975927145888,0.00435214222253729
0.004222499448640622,0.00622569953954703,0.00915975927145888,0.00435214222253729
0.005345232479726214,0.008410613001192856,0.013979318589592338,0.007770946520890087
0.005345232479726214,0.008410613001192856,0.013979318589592338,0.007770946520890087
0.0020485399773721613,0.003026321696607914,0.0033701366041695457,0.0006377211249058731
0.0020485399773721613,0.003026321696607914,0.0033701366041695457,0.0006377211249058731
0.0030175983054354996,0.004026699551812882,0.003852138155500809,0.0007894357012826454
0.0030175983054354996,0.004026699551812882,0.003852138155500809,0.0007894357012826454
0.004057526037001645,0.006311417770455865,0.008025002575138867,0.0015230548770672275
0.008877565753381613,0.013087635484639037,0.01890262220345585,0.007911286980893113
0.0036658276589018077,0.004511615325803464,0.003659991406213948,0.000560136116938865
0.0036658276589018077,0.004511615325803464,0.003659991406213948,0.000560136116938865
0.009399357565151421,0.013249836831449409,0.018904935751612378,0.008365507865097049
0.008266521986719988,0.00938842851406184,0.006742052822073217,0.0009716367338805863
0.0031396395550143353,0.0039447724606126895,0.0033007801749053212,0.000579150357593002
0.0047065773375267956,0.007072625543987322,0.008472647285087138,0.0018480264213247982
0.009338304832247768,0.013356757271541862,0.017063393095178295,0.005578481601106565
0.00952767697505212,0.012953263956083105,0.01573007883445895,0.005029269634987848
0.007788239595407131,0.011341504344134537,0.014652527904155848,0.005058796704749305
0.009809538395496854,0.013476264177206525,0.017849114326853637,0.007495205163330898
0.009663752627265649,0.01367758725893845,0.01950375979824818,0.009108928033863534
0.003281216777038565,0.004961763549744404,0.005497557998944753,0.001318632908962946
0.004398421329987032,0.006259098008606904,0.00642677658971838,0.0014729086760864093
0.005542139783413615,0.007461189492362512,0.008428628431350163,0.001896648849911208
0.004143334562609422,0.006223766480981184,0.007049779452838165,0.001301919956488941
0.010100894677795675,0.013757943578910638,0.018316992288153387,0.007859533499147149
0.009920637590023042,0.013698464902682972,0.01850718538407028,0.007753317332579455
0.005118747558632476,0.007115077227554938,0.007125852469049845,0.0017499690849954615
0.0027094786482547723,0.0033105768795654578,0.002614289848119796,0.0003910164512748886
0.00319703630250166,0.003881032340674941,0.0031412788026530265,0.0004670704095858611
0.00319703630250166,0.003881032340674941,0.0031412788026530265,0.0004670704095858611
0.009006456515596978,0.012720345212362767,0.01689564012365924,0.006029832574253185
0.006298746425909167,0.008343224063693205,0.008980054623853932,0.0020803143570588684
0.009882992909176436,0.01394536343977599,0.017556437487300892,0.006129283171898368
0.009352748966834851,0.012518901707720022,0.01520146498778256,0.0043366246183173755
0.00286111932174495,0.003467860302672337,0.0024105287081369405,0.0002640441406054489
0.009113846379279363,0.012356506688768833,0.01435309923261255,0.00426577027223056
0.009255873237104863,0.013039406837648567,0.015825674632964803,0.0049377643360821195
0.009999634750772817,0.013237534975089728,0.014954845493787602,0.0041367240293482144
0.005616241825104697,0.00607725634015373,0.003887412524361764,0.0005355376542959776
0.007665827931896743,0.00816866598662303,0.004884395443764808,0.0006583993133009805
0.004607346828772025,0.005215518257249235,0.0037598894545658843,0.0005103301759869863
0.004797713060939893,0.005047317406540651,0.003177789424696538,0.0004621139280253514
0.005950704402389655,0.0062172644266620765,0.003664801303610607,0.000468694899477512
0.004475824875619154,0.004766166887727391,0.003022719961587815,0.00046413456136035663
0.00548760647014733,0.005712929667842357,0.0035095474413722105,0.00044651149812534926
0.007225444130528179,0.00754399332065504,0.004790177417975175,0.0006208056787715239
